Id,SalePrice
1461,127049.91489609411
1462,163520.49225207162
1463,187119.18058391256
1464,202989.6048931717
1465,191491.8262575297
1466,173059.62453204836
1467,175996.33012676507
1468,168043.71525596865
1469,185455.63543742552
1470,121616.75675017422
1471,178134.04623424824
1472,102176.17798054955
1473,99759.22593882453
1474,144093.69557827103
1475,117802.72308221943
1476,364351.44220113993
1477,243650.6082589238
1478,293883.18238321267
1479,289793.3062234774
1480,545859.339796267
1481,327677.8862008286
1482,210039.32921042186
1483,177620.30863100855
1484,169496.60648767397
1485,187220.86282442012
1486,193116.5803448895
1487,329746.7034239891
1488,225408.75299058008
1489,191191.7424307737
1490,245477.20709195282
1491,192290.20927374132
1492,95023.88484160023
1493,176367.93290000618
1494,297041.2182985974
1495,285251.7593497545
1496,231993.15227082552
1497,175480.5591373914
1498,176405.09620453152
1499,170526.12837796507
1500,166961.94782195223
1501,181643.3731702773
1502,153388.262047049
1503,270330.9355661661
1504,242937.2741368717
1505,229720.58003928102
1506,191484.22566080917
1507,249092.84950618644
1508,203711.19275248557
1509,152254.3634417645
1510,147882.56192237808
1511,156982.55589632064
1512,172725.1995410172
1513,144892.26413947294
1514,178371.1500499208
1515,184456.85967231335
1516,155577.38153810464
1517,171345.47084695392
1518,134015.8501596756
1519,210001.47132739125
1520,131853.794494629
1521,136159.95236746795
1522,172785.0354302341
1523,114144.18824142122
1524,115609.48980263474
1525,121065.58495504892
1526,111574.81805554601
1527,105795.74700913504
1528,126591.98806886876
1529,155863.3870698572
1530,191844.19428720282
1531,120868.49345340261
1532,91171.28622140498
1533,143827.92796427812
1534,115483.09448889058
1535,142483.9297024996
1536,107706.39399937994
1537,72845.64475857
1538,141065.09598299157
1539,176742.05384113285
1540,81477.19191681652
1541,141297.42432550437
1542,142894.89513882014
1543,185506.5675525895
1544,86711.68737034341
1545,114082.04370439434
1546,140224.25346194304
1547,139460.17747833303
1548,127532.79261717713
1549,119874.42547201342
1550,139098.85226727283
1551,98845.50769134227
1552,139110.5496828202
1553,140999.83266471257
1554,121798.07125382937
1555,179038.43638997176
1556,77273.13265945626
1557,103938.70607108757
1558,107355.59932477279
1559,73915.70377429917
1560,130824.16886584237
1561,115620.48952687421
1562,133802.620309105
1563,122828.38918880958
1564,160808.80175753424
1565,154035.87991452575
1566,237379.54216221443
1567,81234.95638538037
1568,255095.02048750574
1569,145462.0767847976
1570,141760.16433553325
1571,113674.57220215423
1572,136737.2534144057
1573,245475.25931397337
1574,116353.53726337681
1575,233016.85837090865
1576,245837.3790641105
1577,180261.24282619345
1578,142777.69318644144
1579,146755.6864842525
1580,192779.55821506475
1581,158701.53524339123
1582,125417.83893039764
1583,299162.6231115844
1584,217243.44903670964
1585,143620.00542445361
1586,77021.01936365027
1587,123612.73866238467
1588,156556.64025329615
1589,98212.38192519725
1590,128485.65152075344
1591,96421.1255605063
1592,117973.92284568454
1593,118964.62700591453
1594,128523.1779663981
1595,125709.38835421269
1596,220469.63149150062
1597,196474.76404645914
1598,211887.45494071423
1599,172416.09203181363
1600,162762.6065303103
1601,75507.0699661971
1602,123120.95981351513
1603,67093.34716181233
1604,272668.28538466274
1605,234832.47431565242
1606,158221.90567856084
1607,162986.42730480325
1608,221799.88862397673
1609,178649.97860981492
1610,156304.93211139314
1611,136368.25059571862
1612,171900.31073350945
1613,170548.7267716258
1614,126526.31838007053
1615,89779.20605362441
1616,78742.16540661696
1617,93239.39395125555
1618,128910.58575169672
1619,148132.2626914195
1620,161505.65783847033
1621,133180.22750734838
1622,141249.354792476
1623,245529.3279046897
1624,218390.66429609832
1625,115864.89509730585
1626,167513.15353039175
1627,195575.3747886418
1628,274756.3694823666
1629,168379.17656105122
1630,341151.3409682498
1631,217622.02916175572
1632,233513.7682803452
1633,168108.63914380898
1634,188024.5674049929
1635,179331.51216914892
1636,151512.35683019526
1637,196452.47158974182
1638,182553.84064792257
1639,180701.78339156255
1640,236498.50317841148
1641,175797.92698749393
1642,248384.9314009437
1643,212377.17317069697
1644,237784.8932791707
1645,210712.57437417525
1646,153822.8330160548
1647,153697.44892685657
1648,129214.47112318108
1649,141650.18094475262
1650,114965.09326111218
1651,118484.3315932483
1652,101316.17539325087
1653,104218.80357529578
1654,140350.7536147929
1655,136157.18967906054
1656,142326.247618266
1657,146261.34200210762
1658,147365.02177582227
1659,123425.75087370774
1660,158533.45307470823
1661,474990.31121340767
1662,376129.0806654855
1663,373069.7981713606
1664,585079.5403172472
1665,302371.35988241783
1666,322491.78787104273
1667,382520.2946937025
1668,335057.6491540206
1669,287040.9346115097
1670,335610.5391542208
1671,267249.8908662342
1672,441805.8156478969
1673,286195.76927373896
1674,235735.00143762637
1675,201639.4173818622
1676,197568.7750874776
1677,221786.74377313248
1678,493169.8218796756
1679,401594.2884659558
1680,314370.98243984545
1681,238292.13408775383
1682,319268.247119322
1683,185943.67297792627
1684,177084.30502398047
1685,175614.79981573523
1686,175935.73911751178
1687,164096.81699286422
1688,190328.48779169237
1689,194754.18659178814
1690,201680.885862292
1691,192315.60221483672
1692,252871.86033933435
1693,167772.78667148773
1694,183874.75209140344
1695,158790.19977525636
1696,274019.0530089143
1697,162958.09866978903
1698,342728.51190722414
1699,316553.4268987089
1700,249935.37701967172
1701,269447.3857315033
1702,237362.9280474239
1703,233240.326040383
1704,269122.35098473215
1705,236735.08642699494
1706,412423.2296670448
1707,207962.1912641448
1708,198063.65973895835
1709,258203.44833996735
1710,221854.11333117762
1711,274317.86431721604
1712,249172.4096048445
1713,276166.33133953024
1714,223204.71172632286
1715,203417.07313874117
1716,176203.019811135
1717,170582.51871420816
1718,133206.72158789542
1719,208540.84912450225
1720,231283.31829407898
1721,154260.7255193458
1722,121635.02833857904
1723,153744.85086497973
1724,193852.16994805099
1725,233530.77045308417
1726,182108.11203165597
1727,149585.78947934436
1728,171879.47491711177
1729,167710.05220387093
1730,147812.04260442508
1731,113780.96823180902
1732,135911.6655883664
1733,114249.48829384486
1734,137855.34063972012
1735,119338.54261203801
1736,110066.78010111139
1737,300960.7879918133
1738,259547.6580166
1739,224758.894914858
1740,235293.68176569894
1741,208613.2549845773
1742,168829.51242887645
1743,168552.31912150356
1744,358828.4075493458
1745,212650.10337253544
1746,170610.80948257225
1747,216430.2980105726
1748,212946.33813299768
1749,150061.35219716208
1750,124419.33889665967
1751,239359.35298034063
1752,117665.82660471239
1753,146370.11919909838
1754,187179.1700398991
1755,171414.6045565435
1756,129871.34760741505
1757,118930.69390157783
1758,147728.7173304415
1759,161339.0922550791
1760,158833.04521199298
1761,151197.98183047565
1762,172202.8692548329
1763,178069.0322244472
1764,118203.61125982724
1765,146242.47057360475
1766,190102.14650518761
1767,211264.56592496252
1768,139424.9308985281
1769,161192.66441438
1770,150766.82953496612
1771,116791.71229743725
1772,130031.80005924402
1773,122326.86762677346
1774,145405.01974569165
1775,136886.79858919707
1776,124436.47365935633
1777,105617.4020166711
1778,139246.65628485137
1779,127475.1289108243
1780,160337.88880188786
1781,120659.43889746816
1782,96891.08584658251
1783,144932.6577423736
1784,117924.8261863673
1785,113742.40570058551
1786,139230.08906533115
1787,159100.25681082573
1788,71972.7877989844
1789,92649.14108685583
1790,89057.39895045338
1791,192041.17352564353
1792,149257.46734189673
1793,127610.79301160893
1794,147336.02334055948
1795,134053.3259649372
1796,139897.91533757583
1797,111734.08367566386
1798,122185.38049039764
1799,107686.4139873112
1800,130950.60657358628
1801,130453.41793215345
1802,128729.4560214071
1803,146524.64364076208
1804,137837.95650566675
1805,133118.60482406194
1806,114272.92194136408
1807,125802.68250986896
1808,118606.70468435745
1809,123009.77294740667
1810,139759.32237902336
1811,81456.8735189161
1812,93075.97480336552
1813,124165.35367300767
1814,105320.63159135825
1815,61027.006379728206
1816,95345.01643039983
1817,115288.21124161313
1818,157573.52897155957
1819,143033.1906311823
1820,53635.81660084705
1821,104430.6659766361
1822,152906.68797884733
1823,46719.3864493753
1824,117005.04905759564
1825,142070.2129187547
1826,117676.68831571851
1827,99724.35320341332
1828,128020.44445215739
1829,114087.16218267706
1830,140852.08997849977
1831,136135.80655642902
1832,70375.04199748253
1833,139711.01769021762
1834,128027.15140520001
1835,123302.03025801145
1836,123239.25408858343
1837,91290.47981854384
1838,128713.78217170184
1839,107208.88314331626
1840,137538.6113672457
1841,132565.229136135
1842,93731.60266293149
1843,130998.5921209412
1844,140048.63036920078
1845,140263.18103958986
1846,151502.53648387422
1847,173608.82817977417
1848,73410.21949936054
1849,98658.91672064469
1850,116375.6045364633
1851,143652.16604713068
1852,122582.73238316974
1853,135704.5711157963
1854,169880.13262554587
1855,150272.3599818676
1856,229743.41448565948
1857,136085.41484933227
1858,134448.18656341566
1859,117512.88787761111
1860,149806.7886177856
1861,117462.01782906572
1862,315620.94880653574
1863,303710.79831688665
1864,303754.2479117696
1865,340737.8963354187
1866,325814.67701227916
1867,211035.76263290158
1868,285190.9671543756
1869,200392.08102351835
1870,212453.75645702743
1871,247132.40087923524
1872,178782.36264251012
1873,254695.76678970314
1874,147168.0963047494
1875,200200.0181235769
1876,200935.2027308554
1877,204204.19050363376
1878,196314.7243150315
1879,135532.96792049124
1880,127750.67101843143
1881,240712.26013715923
1882,234054.64954330493
1883,176591.8251535152
1884,195811.81777865387
1885,226280.34367700186
1886,276109.93190273794
1887,212001.64801193032
1888,253869.44106229194
1889,177175.14141317474
1890,117512.72334976617
1891,122280.74986273452
1892,102713.3956951273
1893,128632.85427737524
1894,124443.17843272982
1895,135185.9869746045
1896,126654.49354107458
1897,125511.64396491661
1898,123840.27574863027
1899,152338.4712219212
1900,153293.96937990765
1901,164998.01757032386
1902,157567.8365259846
1903,218334.54602302334
1904,152346.19639420792
1905,194863.41432132458
1906,131154.88830292213
1907,206154.5291971542
1908,112439.0809768744
1909,134929.30234517338
1910,123540.55307183547
1911,208584.1702444599
1912,341274.83535955666
1913,151682.9178894409
1914,59882.21831248307
1915,326156.39115582296
1916,66525.04295278015
1917,223914.04677643176
1918,136966.42446236216
1919,157421.80902114295
1920,149966.7163622338
1921,402275.0241550957
1922,318392.25464786263
1923,227556.83768924337
1924,254619.38203372216
1925,191216.1672803425
1926,388962.5667291087
1927,131817.3934837179
1928,156937.0232547501
1929,121167.83948405086
1930,130136.82087201453
1931,137605.56196607056
1932,133120.55823721795
1933,195211.78322689637
1934,179572.8348159661
1935,173918.9808826819
1936,197073.7748508267
1937,183501.0813725398
1938,168254.3402305621
1939,245797.2242837695
1940,190677.52081845104
1941,166254.55920998982
1942,173934.463607188
1943,218152.0081462124
1944,390006.1451493174
1945,395871.8809389257
1946,165793.80404454496
1947,293705.2417971879
1948,172366.00612502766
1949,236891.98189202906
1950,183541.3238290225
1951,241243.46886161252
1952,197686.40037594642
1953,172737.02298317885
1954,178633.23746801305
1955,131279.94369678487
1956,333738.325216093
1957,144891.75569845058
1958,279174.8116167675
1959,143396.14379820542
1960,116411.53412166165
1961,128321.63797869143
1962,98121.91316302682
1963,107566.50040391684
1964,108240.80758575439
1965,144501.84721863054
1966,139582.35009115914
1967,287416.39864164824
1968,440300.7708736179
1969,384956.22533296933
1970,418157.96258357837
1971,493758.77496213285
1972,379688.5393777142
1973,272410.936196656
1974,340643.63789511716
1975,541227.7321522342
1976,271339.1400164116
1977,363249.4648979254
1978,353527.2538948731
1979,306045.2782505175
1980,217519.06100199372
1981,341761.7344468048
1982,213448.17978562502
1983,197143.00440920983
1984,164061.8384674774
1985,232244.9269542956
1986,213658.87832695345
1987,183292.27945875176
1988,182341.50969791613
1989,193911.8273462767
1990,209984.22541048817
1991,228878.2843310949
1992,218292.30511312583
1993,172658.8580073471
1994,220085.92512472748
1995,184960.0743901229
1996,263110.7257519981
1997,307263.1331353093
1998,309396.1586026117
1999,291018.39392381586
2000,306073.6981401206
2001,293570.6158225091
2002,242404.32154205523
2003,255381.6329885986
2004,280413.04667949
2005,225658.199872413
2006,214729.4912851948
2007,240415.2737996761
2008,229604.0846125848
2009,207059.59836147455
2010,188180.05194152615
2011,134448.22046001902
2012,171212.1976187358
2013,181189.44029688637
2014,188988.02161031647
2015,204430.99817675154
2016,192862.05253855113
2017,193236.71616583635
2018,121796.45568635801
2019,136219.57086719346
2020,97162.8010805463
2021,104416.32915042875
2022,191060.52453741402
2023,144573.17921536465
2024,283200.3852457319
2025,345693.6807236269
2026,184183.5282395597
2027,168428.76295480132
2028,150129.76286011483
2029,170876.66225847483
2030,259708.24947430618
2031,228132.48273223639
2032,240905.61910762248
2033,247577.2208997838
2034,172066.66518728103
2035,224198.93009242867
2036,200598.94666781614
2037,213111.07024548762
2038,320057.1133861247
2039,230993.88304587282
2040,287541.67497800454
2041,306165.60196101404
2042,205721.0186293975
2043,176079.21821298634
2044,159645.36574846014
2045,194618.73382452945
2046,151711.83910565343
2047,143448.40708787247
2048,142193.508873263
2049,143856.74099645152
2050,164548.7717287283
2051,103302.94049514168
2052,121015.77582291176
2053,149584.09847407188
2054,107272.00854934231
2055,153865.2184001598
2056,144969.33481277933
2057,113577.32248311897
2058,220655.69815912028
2059,134436.31841174807
2060,170233.85622398971
2061,172230.96282319183
2062,127445.00356649607
2063,124406.02214816895
2064,140800.22487008455
2065,107319.70294417061
2066,158587.89267169568
2067,104420.2526450278
2068,149326.10520135815
2069,85501.69933442188
2070,110468.14549670485
2071,103016.02669535985
2072,136339.47358721582
2073,129918.38145575975
2074,203386.13635346055
2075,146863.5428973902
2076,114922.68717927947
2077,165130.48313582706
2078,127503.02266127664
2079,125242.95657174375
2080,117503.73534074634
2081,127281.86321589346
2082,115443.8022456307
2083,141794.02174100114
2084,113284.7193193155
2085,121349.495443348
2086,106229.40976209992
2087,116904.14756916142
2088,101294.45158881058
2089,84598.12633629265
2090,123162.86795355506
2091,112826.98449117076
2092,116328.2295711979
2093,107516.30185059672
2094,102383.9670641407
2095,148770.8209410553
2096,85922.38940647837
2097,99775.59540927225
2098,141622.6973932442
2099,67292.13619993771
2100,82481.21259002388
2101,114795.49456398957
2102,116954.26046028131
2103,109924.16022980976
2104,124895.46651468099
2105,128375.1980503206
2106,83002.19242054605
2107,184874.55444084088
2108,113149.70402275736
2109,109735.31214380563
2110,114465.65641586484
2111,116836.4346397736
2112,134502.26175201806
2113,122896.78571674756
2114,126280.01742462523
2115,157974.47368540958
2116,112865.30166097944
2117,147085.85736616116
2118,124649.29513388817
2119,116625.02312123556
2120,118233.36276012709
2121,92517.44565584246
2122,127147.4160804813
2123,81314.48704243249
2124,151706.22893536443
2125,128922.44711505798
2126,160252.5863381639
2127,156698.03855830306
2128,119276.12037861018
2129,84932.361220191
2130,138275.60977928533
2131,140474.51009254975
2132,110256.8578352573
2133,117842.52632838195
2134,126675.46913079997
2135,95671.04018838804
2136,82020.48933461998
2137,106790.0826095896
2138,130174.49948549343
2139,144778.38167644697
2140,140839.46898861954
2141,147247.38367347815
2142,128856.4291349517
2143,147951.87558315386
2144,122971.05603413765
2145,143344.19414765132
2146,162571.74365008558
2147,139578.42238203765
2148,124052.28062789742
2149,139957.21675500402
2150,228795.12432720745
2151,122491.8286462963
2152,164777.26172561498
2153,167645.6235422496
2154,103056.80972823164
2155,130065.50912195089
2156,256081.6037896805
2157,234454.67643037267
2158,243843.48179951715
2159,201013.73005685807
2160,185358.20346082258
2161,228339.12569268883
2162,405991.2862293104
2163,358042.1990211242
2164,246482.12001237812
2165,215417.37772647795
2166,159649.3057261414
2167,222655.78917003528
2168,201044.27968554304
2169,195445.88357535237
2170,215488.8265069082
2171,156730.4104024341
2172,129966.71020135409
2173,165054.29173979964
2174,221549.40803231977
2175,284548.68064321677
2176,308496.5926323979
2177,237814.04730386092
2178,207908.63296987253
2179,142062.1722652771
2180,213681.51740123477
2181,192860.93251682995
2182,218283.7516572297
2183,185025.56314639462
2184,119446.46294772289
2185,124409.48508897005
2186,140974.623994916
2187,146697.77463991183
2188,147193.98444435265
2189,319162.92021470127
2190,77886.5756052734
2191,75899.9161533203
2192,87645.09344994748
2193,111205.23071580549
2194,105460.89241384322
2195,113507.8190352102
2196,106031.69337831496
2197,115913.05897589272
2198,141355.57293733742
2199,188152.22264439892
2200,151343.43418892656
2201,145258.10917796064
2202,205022.87800179527
2203,143907.36840666187
2204,178291.33922083248
2205,126319.49568618996
2206,147841.37375371388
2207,216959.9840317162
2208,244096.46982405416
2209,261064.60196995817
2210,126318.67207697361
2211,109966.55378016956
2212,123787.67397537756
2213,110273.6761470792
2214,127662.37134719874
2215,102466.50981878136
2216,143894.27384731406
2217,59980.093969106805
2218,76724.4664884954
2219,70527.9844842806
2220,67029.28634754864
2221,332609.4592271903
2222,296021.0870880309
2223,281102.2484983234
2224,203775.69049885176
2225,113746.37506194289
2226,188735.44038048206
2227,197896.22875297396
2228,269599.48366281873
2229,254837.67604456228
2230,149799.55990281265
2231,214204.3055312499
2232,181363.96875554623
2233,184943.7940625478
2234,241329.12255148854
2235,226225.06200689726
2236,255547.3118776283
2237,318789.71775737626
2238,196644.4957425064
2239,94239.83422574353
2240,152168.06797055874
2241,152392.41996886855
2242,121474.45444478672
2243,122063.96194182709
2244,106314.81577054513
2245,104452.82430211476
2246,130506.17435106296
2247,104976.44808868278
2248,121056.70784392492
2249,124750.93164473056
2250,127874.48647361665
2251,137520.0173517187
2252,177455.91624334024
2253,154294.1300977977
2254,172816.19031668396
2255,183991.99348020935
2256,169044.96813408282
2257,206310.2173049173
2258,158682.44157031653
2259,181096.419033835
2260,134762.76347119833
2261,194768.0575359465
2262,215805.38985490715
2263,396813.53447684867
2264,580354.2227154622
2265,158062.73784715662
2266,300834.82026997634
2267,382536.3755400817
2268,481657.9105888872
2269,148124.26418957
2270,193129.1856466863
2271,209666.22320483715
2272,196230.67195142058
2273,156647.65442050254
2274,186190.2117998008
2275,163962.1908020362
2276,193742.6020678827
2277,180930.21031623438
2278,136981.5732992455
2279,136470.320261795
2280,109835.8888929897
2281,168760.8391671502
2282,183751.27718835627
2283,107559.0784434549
2284,117627.30241690956
2285,142081.8527088272
2286,120931.34659246386
2287,367963.9885318721
2288,276678.22135536297
2289,352813.4365067255
2290,482111.36270713265
2291,325119.284464593
2292,434518.6749495111
2293,496503.04592869716
2294,399322.2194374462
2295,506399.1223078506
2296,286289.2419758336
2297,358684.8822117241
2298,351999.6183984304
2299,359385.4309569281
2300,325893.5145026664
2301,317526.6959102681
2302,249464.21766652504
2303,231697.2022634189
2304,242721.67840852254
2305,201877.43870566314
2306,194996.2092914856
2307,204703.6937994323
2308,235924.54483912903
2309,277814.02039543545
2310,206116.86494411642
2311,205986.30498418282
2312,178382.1168595819
2313,174267.98520482462
2314,176844.51942706
2315,183532.96451948915
2316,195919.20967156565
2317,189218.9574742182
2318,184756.15139580567
2319,185972.54330992917
2320,181203.68691701363
2321,235364.31161766205
2322,188180.05058648158
2323,192398.00426267055
2324,178212.7061203158
2325,204919.59634460587
2326,174438.4349315051
2327,199617.94726395493
2328,221745.34978042587
2329,193986.39735757548
2330,186208.19751933948
2331,348348.03478278476
2332,383134.5201199437
2333,309674.71065457806
2334,250070.6305178284
2335,274981.2987873317
2336,307345.11607747193
2337,194415.90152234817
2338,262582.4780114399
2339,207190.26588603162
2340,391571.47987448925
2341,216911.40605961738
2342,225452.4594791241
2343,227241.25940611717
2344,201165.31550291314
2345,222875.94063198206
2346,205399.25222290526
2347,198046.9686354898
2348,230784.31382801864
2349,189040.64501225183
2350,308431.15264222963
2351,264092.77789014473
2352,239392.13940258336
2353,249776.45010564278
2354,138957.3382694823
2355,138765.91186509113
2356,152195.38600604946
2357,186127.37951549998
2358,200620.1158211364
2359,129387.25868796055
2360,113187.40068317219
2361,142884.83282298045
2362,260106.0105711414
2363,133237.16246496444
2364,153267.11800670542
2365,209343.85850394127
2366,203432.32246946028
2367,221630.60511023918
2368,231752.23875066498
2369,217599.53594248055
2370,172506.52028554562
2371,159740.82387022793
2372,201874.07562110206
2373,290631.1581797797
2374,323469.63216275803
2375,243169.81948791223
2376,308926.43939405767
2377,350763.95370144595
2378,155003.41522234958
2379,201003.80835154976
2380,150367.38498670733
2381,175889.01195840567
2382,194719.61445149482
2383,195903.2082230349
2384,243143.86491623565
2385,156042.90213136157
2386,132231.94008065976
2387,128170.47557157766
2388,101672.8469285586
2389,118774.31279436317
2390,156100.1549137675
2391,144107.16892454762
2392,115931.83041284661
2393,175557.37570375123
2394,146373.81220358072
2395,203611.5494678025
2396,141982.2634228723
2397,215028.825170935
2398,133796.71006917264
2399,69555.07371252618
2400,81581.42026151365
2401,128800.1040335871
2402,134540.89007511036
2403,144982.8425280282
2404,153570.49447144495
2405,154217.40300941764
2406,140479.48468195598
2407,124811.00264108315
2408,135329.76551578022
2409,117994.69160289192
2410,169737.74737883217
2411,113310.19645453338
2412,156134.75348372106
2413,127767.50350680646
2414,157349.37981636263
2415,138802.13556651445
2416,119398.97221764823
2417,135246.2217976727
2418,134826.84077312975
2419,128142.38569507931
2420,121261.25506589624
2421,142991.77063934575
2422,107411.63910483179
2423,115073.28390861824
2424,150329.39661934774
2425,197029.3205995597
2426,126884.8233028293
2427,128708.33870769049
2428,175539.11057536985
2429,113657.07826308142
2430,133475.89777026643
2431,103331.68722163518
2432,151737.9100726116
2433,146886.1123966836
2434,139300.7731927226
2435,154403.80044315188
2436,118473.63321861475
2437,106676.15439629268
2438,122962.31992412277
2439,96980.74895603515
2440,121205.42319265885
2441,83967.49544874967
2442,96656.70836585223
2443,120290.10247728805
2444,135254.91323966158
2445,94906.49707728332
2446,137080.1825698205
2447,174344.3440176437
2448,133410.8096904763
2449,114506.84075207639
2450,139876.15727676687
2451,131769.68835977116
2452,186561.89350278338
2453,93495.94398176935
2454,117333.31191698853
2455,109352.11606377207
2456,120100.16542563331
2457,140589.12482707505
2458,136946.62876882948
2459,114785.85958155127
2460,139640.70895978177
2461,127475.01425348475
2462,133711.4494747553
2463,129409.13354852732
2464,171252.6600020326
2465,135878.15107624696
2466,126853.48291064354
2467,132326.6954280834
2468,84847.6033107809
2469,81307.18056536435
2470,193042.54638336305
2471,201217.66890860282
2472,148867.059052768
2473,122513.72190669752
2474,94212.60438185668
2475,203943.20997674565
2476,114596.53566348068
2477,126480.88798076502
2478,147430.29698151103
2479,100189.54254424645
2480,147560.21901458575
2481,118466.39991240235
2482,127732.51468949756
2483,111443.25887123366
2484,118273.80284752557
2485,129026.68518932011
2486,158196.8292197873
2487,179038.00491812735
2488,158369.4912140234
2489,149747.48468388754
2490,141503.64101313552
2491,89827.88012179156
2492,194599.42099707146
2493,152461.5449544511
2494,130947.07578418303
2495,83651.63308404798
2496,237176.90235320808
2497,148428.8631306277
2498,117456.28052802297
2499,86065.09695410449
2500,136132.60445790974
2501,133676.393238414
2502,142204.0047202457
2503,98670.44151833885
2504,176231.69518487807
2505,236004.62417665223
2506,240614.43319306907
2507,269639.4128414071
2508,241669.65134900872
2509,214251.99958624027
2510,211960.2634370293
2511,170409.0200189011
2512,203261.46689847257
2513,224700.38219723245
2514,281742.04841348156
2515,156439.65991876024
2516,179835.26920239365
2517,151869.08227307437
2518,161049.1290004229
2519,237274.59848939988
2520,218180.73083088294
2521,181749.22362302488
2522,224851.2732627226
2523,119067.4695906519
2524,141881.7574643637
2525,143085.41819654492
2526,141593.99252724776
2527,118246.47120528821
2528,134536.50130086145
2529,125594.74114782624
2530,124926.8646295145
2531,246588.92323817604
2532,223096.1286441756
2533,194108.80675427942
2534,233543.7311297801
2535,284364.1643243524
2536,239060.29475053377
2537,240348.09833667625
2538,184136.2778681762
2539,177454.84211023606
2540,181535.75133722846
2541,180952.0790586384
2542,167399.7173146043
2543,127129.23094541235
2544,119175.14898571197
2545,131632.98136820697
2546,123606.33770253944
2547,133879.5962360843
2548,147558.67589322344
2549,163262.30440268046
2550,1627342.5110636526
2551,144433.35462033394
2552,129193.19400416403
2553,66100.08826442651
2554,86254.08114420016
2555,120162.8543247281
2556,104351.15275901443
2557,106264.36831631561
2558,138686.26868291572
2559,135751.4776184344
2560,154018.84925248995
2561,158651.53026624565
2562,151130.03190036325
2563,149718.60693615678
2564,206902.85438901398
2565,148058.32830605097
2566,166121.3572047534
2567,139914.38805267506
2568,207377.80374413205
2569,244464.6301737357
2570,122313.05605817253
2571,200923.96557495274
2572,146182.97847584015
2573,216831.3756776665
2574,281313.8421468816
2575,132689.45407516495
2576,105251.79577038747
2577,135951.86476907338
2578,82241.32279124048
2579,68394.83605693733
2580,84337.14598206704
2581,105594.62702117825
2582,93945.21142322695
2583,286012.193277503
2584,165685.8895005065
2585,194860.64369073388
2586,213271.53594421028
2587,195711.4089567766
2588,140355.31713261022
2589,144251.4645497413
2590,205061.11224215225
2591,228406.8857572274
2592,206623.79619754548
2593,244416.66955915897
2594,167643.71298731162
2595,197947.01615674436
2596,280090.28901277226
2597,190773.10313934556
2598,293152.67468451086
2599,370274.7869948105
2600,156396.3804784973
2601,141023.68203378108
2602,84770.93806351355
2603,97433.2670230663
2604,89337.42654227372
2605,77880.26456326101
2606,145788.1726683342
2607,223768.88640641977
2608,177345.70087173366
2609,171746.4892200254
2610,105186.41202634393
2611,127067.03478678432
2612,158752.66403383485
2613,130045.53454603515
2614,120508.89130838327
2615,153944.2725583394
2616,149631.80889455604
2617,192668.65054891518
2618,214728.8159555175
2619,194707.77603507618
2620,189659.77723429704
2621,174688.14162717792
2622,179636.37713151352
2623,231381.86582050464
2624,304525.83137281646
2625,285562.515802438
2626,178059.1442181428
2627,162011.36580129797
2628,515017.76656953205
2629,531121.9619819893
2630,380704.116107901
2631,524460.8086802273
2632,419955.16177609056
2633,304941.3936642488
2634,448742.4503602103
2635,155445.45685956764
2636,170232.24865964404
2637,183003.20280013306
2638,261903.40022749794
2639,171088.2441752062
2640,145816.97351648507
2641,107810.88411536391
2642,182792.40571224949
2643,108167.3689790497
2644,119621.94785299867
2645,111848.54711752757
2646,100508.70966871336
2647,107814.99796176919
2648,141887.0148280271
2649,147617.74798343357
2650,127551.47786072256
2651,144317.15159697924
2652,416055.6174283852
2653,243088.81071192483
2654,259803.6950064269
2655,421795.554695404
2656,325899.5127952937
2657,362118.0598127283
2658,307378.6095829889
2659,291615.8462209548
2660,369452.1162711414
2661,350572.3139142384
2662,379890.45957323024
2663,290963.3661396927
2664,264520.7123238519
2665,312810.9809355277
2666,272572.65346965456
2667,178196.6254547253
2668,179532.9095386647
2669,182318.27638494654
2670,264650.8965605527
2671,186432.27939032248
2672,196692.97669854425
2673,203551.24902220024
2674,200355.36831476484
2675,183848.284728537
2676,190870.9510046161
2677,199285.878111605
2678,235676.3035783048
2679,266734.0121748779
2680,281979.1124574388
2681,395813.73416428454
2682,309855.9243516645
2683,574042.6459004001
2684,309839.1379307861
2685,326593.1013646007
2686,253932.93960528015
2687,301976.83735848457
2688,208520.75896886544
2689,201050.4415558483
2690,444172.5438462779
2691,188816.66997134092
2692,138323.93143058516
2693,199737.36980911373
2694,130835.76971665752
2695,191473.83471786033
2696,183398.04116491452
2697,187386.02216146042
2698,205865.97238528798
2699,171780.2659342001
2700,154052.56861012627
2701,152465.92869254856
2702,110818.37833000648
2703,119538.7664115455
2704,137751.55775257014
2705,118846.07181015672
2706,108336.38185216635
2707,119268.13846680883
2708,131772.6629084078
2709,98034.5926756454
2710,128405.38562099713
2711,325324.03940866794
2712,401339.67210863845
2713,180767.7388504018
2714,155709.65090343961
2715,168221.97003252612
2716,148228.06917264697
2717,210110.25979785036
2718,225582.36458102087
2719,160306.058961594
2720,167347.01759675337
2721,134547.05162047467
2722,159807.8768544514
2723,140265.24482276046
2724,137088.47025754923
2725,126606.41666396211
2726,151196.8012276394
2727,176273.83780164664
2728,177837.6562521053
2729,148053.302534469
2730,145295.9250846022
2731,122042.46841313055
2732,132435.41424561833
2733,153175.00993581032
2734,148885.09904945616
2735,141640.08673072825
2736,144535.06929157142
2737,120791.18420116421
2738,135010.2885922635
2739,152944.9585798931
2740,137249.53158542243
2741,150259.70883020907
2742,162103.80620051222
2743,156120.79904635422
2744,159762.68370939654
2745,138842.07759182208
2746,141926.38323782553
2747,142225.0706299193
2748,121924.94225675173
2749,130444.2886766323
2750,122746.23074665767
2751,136531.45460688174
2752,178151.97510213827
2753,147704.62084800567
2754,231552.4210002867
2755,137876.8825879755
2756,96076.74366663733
2757,70517.51412942009
2758,99442.09467979263
2759,165262.12832342926
2760,123664.45328157594
2761,143455.5517507866
2762,138489.9651438152
2763,181837.3392578694
2764,137395.93850547637
2765,275283.043502538
2766,109542.11608420804
2767,87825.49292933554
2768,123231.07480276586
2769,135875.33969093376
2770,130158.3271078367
2771,104856.39454671265
2772,107531.54921716903
2773,176917.57089113028
2774,141864.62369518715
2775,107424.82272643971
2776,137758.56427374843
2777,149593.6310026352
2778,105463.62367710864
2779,118534.51356381224
2780,88427.84665079816
2781,92234.1237303674
2782,104997.43312234328
2783,104513.40776572282
2784,122665.76717671785
2785,136044.79289161804
2786,72439.36841501367
2787,116577.385727263
2788,77878.43379254382
2789,166071.61869405932
2790,95275.17658840018
2791,111579.02606819989
2792,59087.09342016139
2793,130055.75348351405
2794,101674.32536789968
2795,118519.93832463011
2796,100743.13853717592
2797,204443.73104422
2798,97119.64243108797
2799,114091.51997283891
2800,69375.97250914316
2801,96057.02662947463
2802,127583.98945595232
2803,169665.90106298603
2804,125879.4002835681
2805,93734.35866714717
2806,77564.07839637631
2807,187285.00786379792
2808,148789.83098194402
2809,127033.37399138688
2810,120413.63672387891
2811,160278.55381706328
2812,169520.29446395618
2813,160613.02840049003
2814,158891.99166268078
2815,90498.15490845652
2816,231918.1947709996
2817,168158.31229397358
2818,138050.68348932607
2819,183482.6421065808
2820,141830.35572763756
2821,103097.32188908895
2822,180652.98105718815
2823,342736.7312163517
2824,185380.88291827202
2825,148091.4388282548
2826,135880.65666794096
2827,132278.21809258405
2828,221000.05752652744
2829,208964.60667924638
2830,237099.06794119359
2831,167999.9126493765
2832,250388.83553069466
2833,297212.1985777262
2834,224357.05368859894
2835,221472.43675984038
2836,190674.3131078085
2837,156127.030519749
2838,152723.95931336874
2839,186731.6772544685
2840,202733.65221669537
2841,199686.15417733855
2842,232541.47949187635
2843,152335.24476999947
2844,160957.6706981833
2845,123762.04166037189
2846,206793.47950016195
2847,219258.0550588318
2848,210395.10230380786
2849,193544.77875284076
2850,265508.2096420039
2851,215372.59402979608
2852,237180.64096434205
2853,236935.5206502669
2854,141486.64726623005
2855,197317.43416403665
2856,200850.14958543685
2857,180611.0592089254
2858,198755.5516455117
2859,122805.49935931069
2860,137680.83798875555
2861,127299.09413792568
2862,191805.19070653102
2863,127816.60907026609
2864,245005.96407440884
2865,142747.00915646393
2866,139502.47069534587
2867,114175.13665824822
2868,94932.14470485815
2869,102923.05428923652
2870,119066.8628563922
2871,85178.02998986609
2872,58410.307298865155
2873,99592.09732570301
2874,136397.3195630275
2875,117206.89851068187
2876,166038.74017902408
2877,149248.70034354753
2878,156155.48120042015
2879,138027.3025769614
2880,99978.49170988699
2881,138993.70804711484
2882,177130.98888162535
2883,199093.29662203108
2884,185679.02334196257
2885,184464.1628131568
2886,242636.4905094107
2887,92678.9857497753
2888,140148.8418614123
2889,63315.86378638102
2890,86201.56876927795
2891,137001.14213839947
2892,42614.56210684536
2893,67386.40268463126
2894,53076.85716387095
2895,334328.3150409544
2896,290019.29034587677
2897,204807.4984054152
2898,136303.92000938216
2899,196944.8894087172
2900,160823.92415363964
2901,217431.08556400012
2902,171140.25096061558
2903,316208.87801759754
2904,357246.69159608416
2905,75023.8804764014
2906,190364.23551533587
2907,110158.72545449785
2908,129315.03105002706
2909,137936.38927953405
2910,82449.81261498203
2911,83160.04882484251
2912,145484.2212401999
2913,80489.08839901218
2914,78343.09106603413
2915,83787.19927912689
2916,81429.08280778163
2917,172884.2149277752
2918,113367.41088920002
2919,209833.92575097305
